42.617   152.583
30.515   152.117
48.938   178.281
50.183   171.849
48.052   163.505
38.711   148.694
44.455   155.736
19.642   203.484
11.883   154.116
15.227   145.742
51.862   183.366
53.879   193.460
55.060   197.674
57.730   207.486
60.119   210.572
57.051   224.657
28.215   182.639
21.303   202.135
20.895   203.531
19.730   204.944
21.954   200.643
20.037   204.171
13.428   144.799
19.291   166.618
34.404   240.307
32.714   242.826
34.008   241.500
35.169   239.246
36.605   238.111
37.807   237.534
38.915   236.289
41.746   235.816
45.555   236.081
46.905   235.895
47.913   235.364
32.867   242.743
30.515   152.117
48.938   178.281
50.183   171.849
48.052   163.505
38.711   148.674
44.455   155.736
 4.947   269.346
-17.975  273.608
-7.397   266.500
23.490   292.675
23.417   296.034
32.930   287.503
15.289   291.785
27.044   274.362
16.034   252.999
11.065   260.147
37.564   309.990
39.399   289.058
51.068   195.980
52.636   203.078
45.858   231.232
42.604   231.100
49.626   190.129
55.301   211.505
57.634   217.196
39.331   232.987
32.457   239.439
48.305   185.789
48.762   230.383
-8.480   234.973
19.642   203.484
-9.493   183.755
-22.993  191.902
19.261   155.771
11.883   154.116
4.033    145.597
20.949   132.314
12.881   132.333
-5.295   165.013
-33.005  187.015
37.423   141.033
37.423   141.166
